1.8395056
1.7801855
1.822419
1.858887
1.7248358
1.8482335
1.687913
1.7716547
1.893743
1.7290213
1.6978258
1.8669364
1.6996651
1.8014396
1.7341079
1.7886689
1.8203183
1.7582247
1.7332599
1.711918
1.7446305
1.7108389
1.7032762
1.736615
1.8045126
1.7454325
1.7332928
1.7832224
1.7102654
1.6877993
1.8232772
1.6769607
1.7496387
1.7978561
1.7199905
1.7466347
1.7481003
1.720035
1.6382608
1.681169
1.73483
1.7175717
1.7707437
1.713261
1.7140507
1.7576473
1.7720735
1.7386384
1.6988181
1.7054911
1.724056
1.7426982
1.6397482
1.7012625
1.7603025
1.6176808
1.8316628
1.6691873
1.6007702
1.7023302
1.6802067
1.7094111
1.758717
1.866104
1.7267653
1.661138
1.6505281
1.6600609
1.7257472
1.6872911
1.6633066
1.6671308
1.7401991
1.6952784
1.5974423
1.771006
1.6189891
1.734827
1.6482558
1.6320336
1.6698648
1.6775733
1.6099534
1.6120249
1.6706014
1.6865717
1.6797885
1.7064971
1.7139416
1.6488765
1.5869515
1.5959781
1.6360086
1.7944717
1.531678
1.5941163
1.7837278
1.6916877
1.5784354
1.4901878
1.6056316
1.595264
1.6273726
1.6135886
1.6692688
1.6550764
1.4773107
1.5812315
1.6780281
1.649784
1.498294
1.7316418
1.6421281
1.7155793
1.6260753
1.581616
1.6235199
1.5317299
1.6179749
1.5373502
1.7822064
1.6783874
1.7471207
1.6046804
1.6535896
1.5514312
1.6236056
1.5732383
1.6011667
1.6852837
1.4759861
1.5630221
1.2394845
1.5036639
1.5451137
1.6625487
1.3501773
1.6471689
1.9417688
1.6436265
1.5178757
1.7138072
1.7436405
1.6004587
1.6974559
1.7527164
1.6269763
1.5579106
1.4280076
1.5672029
1.7352053
1.5050405
1.4436685
1.5690107
1.6427047
1.4875436
1.641232
1.4665545
1.4488165
1.5979785
1.7093103
1.5047275
1.5224506
1.8127717
1.6753914
1.4975832
1.6143094
1.5765965
1.7180754
1.796629
1.9141338
1.714909
1.6346366
1.5793347
1.6108097
1.5218953
1.6186165
1.6571105
1.5017722
1.6460112
1.5625949
1.6897104
1.5710423
1.4820453
1.56602
1.593892
1.5723159
1.6048017
1.5932534
1.7907054
