1.8390467
1.8926896
1.8068471
1.8543777
1.8277383
1.812548
1.8890743
1.820591
1.7899231
1.888182
1.7899005
1.7978108
1.8544129
1.8200619
1.8259213
1.8472108
1.7503141
1.8429523
1.6423337
1.8567091
1.9048238
1.8138297
1.7639705
1.834856
1.8272219
1.839389
1.840201
1.8907821
1.8093438
1.7782038
1.8821801
1.8098701
1.8299758
1.766663
1.8344898
1.8010309
1.7648102
1.7521868
1.8388648
1.7814511
1.8224027
1.8034251
1.7824823
1.8471665
1.8393996
1.8269074
1.7768111
1.808478
1.8260081
1.7931389
1.7697442
1.7741002
1.848165
1.9652019
1.8567792
1.8258039
1.8831269
1.8116049
1.7410232
1.8085785
1.8423738
1.8504603
1.8327273
1.8274283
1.8110604
1.7751708
1.8377303
1.7981393
1.8406872
1.8399173
1.8429666
1.8503217
1.806042
1.8367836
1.790282
1.9363372
1.8050562
1.8250525
1.8071822
1.8585991
1.8977246
1.7795571
1.8538407
1.833091
1.848222
1.7580479
1.7955859
1.8352662
1.8349943
1.8113272
1.8824495
1.7647405
1.7430531
1.8106012
1.7039064
1.8337926
1.7250441
1.8416606
1.7891072
1.8002256
1.8020133
1.8384082
1.8308905
1.8224891
1.8012279
1.8016413
1.8559027
1.7918445
1.8708237
1.8009025
1.8345692
1.8099297
1.8584597
1.7086827
1.7736121
1.8881896
1.8276368
1.8156596
1.8485574
1.8396758
1.8337755
1.8407743
1.8221493
1.7864559
1.8079311
1.7715518
1.774242
1.8016763
1.8194505
1.7702272
1.81014
1.8173225
1.941601
1.8111567
1.7295748
1.8435392
1.817034
1.7787887
1.7752779
1.8222121
1.772038
1.8380231
1.8712116
1.8587035
1.7829546
1.8073561
1.839742
1.8337575
1.8486162
1.768317
1.835836
1.8266563
1.8188862
1.8007612
1.8020842
1.7986022
1.7656965
1.7798653
1.842282
1.8159724
1.8080772
1.8325042
1.8248589
1.8069364
1.8686197
1.8004329
1.8694351
1.833363
1.7945464
1.7512428
1.7932409
1.8094252
1.8370321
1.8156118
1.83607
1.861237
1.800875
1.7898277
1.7686771
1.7713108
1.8390089
1.7860951
1.7824794
1.7990836
1.8180436
1.820701
1.8268394
1.8142699
1.7969958
1.892169
