1.7327484
1.8020796
1.8361733
1.8079257
1.7795911
1.8277313
1.777129
1.801484
1.7822342
1.8082443
1.7966983
1.7900012
1.8083079
1.8124624
1.7901726
1.8075651
1.8289827
1.812604
1.9080307
1.7925248
1.8040468
1.7966928
1.802429
1.7948871
1.81079
1.8084594
1.7929889
1.7690368
1.8009925
1.7954304
1.7948898
1.7867298
1.7893037
1.7601566
1.7674384
1.7561857
1.7876872
1.8765379
1.8227268
1.7674612
1.7517047
1.8087906
1.7937044
1.7647429
1.7815146
1.7605398
1.753094
1.7722133
1.7745019
1.7341088
1.7588235
1.7296828
1.6851404
1.7742922
1.6690484
1.7879528
1.8513772
1.7493238
1.6887615
1.7812598
1.7310885
1.7541871
1.7462329
1.780235
1.7139953
1.738984
1.7271937
1.7128149
1.6827892
1.7117261
1.6958187
1.7454296
1.6679876
1.6904156
1.7913444
1.571957
1.6275791
1.7554525
1.7644732
1.6509039
1.7026627
1.6529263
1.6755698
1.6653855
1.6411078
1.6996081
1.6699787
1.71287
1.7348291
1.718308
1.657741
1.7846135
1.7392038
1.6912178
1.6781355
1.6291032
1.7779785
1.6800973
1.6706258
1.6731095
1.6831583
1.6472359
1.6527538
1.6495893
1.6490374
1.5894578
1.7140818
1.7410042
1.6170907
1.6510851
1.705188
1.6123996
1.766664
1.7240387
1.7278093
1.6035504
1.6552216
1.6861905
1.6272417
1.6163168
1.5944788
1.6296647
1.6589453
1.7084413
1.6168866
1.7301594
1.769381
1.6536877
1.540888
1.6320013
1.6392447
1.670764
1.9179418
1.5741222
1.5304406
1.7198375
1.6212516
1.6607236
1.6362631
1.5993805
1.5548296
1.7267267
1.66948
1.6734765
1.5704564
1.4880365
1.7173584
1.6786995
1.5403988
1.6253747
1.7818773
1.7784646
1.6383238
1.6243542
1.6554108
1.6155761
1.617861
1.6228633
1.7267579
1.520974
1.5199158
1.5770609
1.6277772
1.471623
1.65433
1.5082849
1.8427454
1.7246298
1.5933313
1.6530454
1.4717956
1.591751
1.562179
1.5666513
1.5890154
1.6524727
1.6387476
1.6587101
1.5817814
1.68038
1.5411354
1.5939971
1.615775
1.6516088
1.4478407
1.5998061
1.5775385
1.4279808
1.5969557
1.9346126
