1.7826145
1.792882
1.7955987
1.7920133
1.7881253
1.8164258
1.7996856
1.8154662
1.783489
1.793776
1.7839719
1.7829862
1.8013504
1.781324
1.7786797
1.7676901
1.7654217
1.7579218
1.7509778
1.741466
1.7485884
1.7902108
1.715878
1.7273514
1.7488687
1.6917839
1.6564773
1.6344533
1.5691619
1.5568659
1.7304764
1.5349587
1.6569664
1.5840186
1.5918182
1.587187
1.5649965
1.5698504
1.5508302
1.5086985
1.323524
1.4308519
1.4055796
1.2788
1.1760421
1.4006087
1.4370552
1.1547978
1.4228466
1.099965
1.3037776
1.2046959
1.1593533
1.2455046
1.175421
1.2177281
1.0221277
0.9076879
0.9950776
0.92825574
1.0422194
0.9949807
1.0138594
0.8965794
1.0205762
1.0875542
1.0634569
1.0814342
0.78028023
0.81980604
0.90370005
0.79506534
0.9729525
1.0085644
1.0399213
1.5182767
0.6950728
1.1132057
0.8006677
0.84794396
0.9257727
0.84083563
0.77972245
1.0248455
0.71951604
0.715275
0.7664313
0.98201895
0.6637707
0.6794075
0.86768496
0.57620186
1.2398249
0.6067952
0.7116571
0.95751935
0.93976444
1.0662801
0.8590294
0.70220405
1.0130235
0.7937567
0.8603253
0.80309105
0.56194484
0.681133
0.85486734
0.63799965
0.9976246
0.84440845
0.6143847
0.68992794
0.64644736
0.68062985
0.44732767
0.75615406
0.7402864
0.82227147
0.81004024
0.78550345
0.6512799
0.8092537
0.79799306
0.6968455
0.4905778
0.5624331
0.5973536
0.72756517
0.90784675
0.7145549
0.8279933
0.7310058
0.34407607
0.6434226
0.7128537
1.0582765
0.66546625
0.77199966
0.8167739
0.49628156
0.81367695
0.6953322
1.1548779
0.61726207
0.9493753
0.7004903
0.601823
0.6863011
0.61849403
0.6992949
0.8069273
1.0686179
0.50229895
0.5640639
0.9530168
0.8469801
0.4391794
0.6279084
0.8764118
0.80585575
0.96702266
0.6656016
0.5820696
0.622919
1.0914035
0.7561948
0.5553027
0.68813115
0.4971695
0.68811566
1.1251919
0.953073
0.9412551
0.667373
0.7221706
0.64339197
0.55249286
0.9620275
0.46773955
0.7690529
0.65896285
0.8228973
0.6486649
0.85755146
0.9480573
0.43652898
0.60107046
0.61913085
0.6005702
0.7323875
