1.9163101
1.5036216
1.3755345
1.1882794
1.1317894
1.1463035
1.0978981
1.0302151
0.9872437
0.68663454
0.6939144
0.72100246
0.6222718
0.8787425
0.72211516
0.86570305
0.9753086
0.5450045
0.50425375
0.5874092
0.46620634
0.52823657
0.40115473
0.58826387
0.45777094
0.49553466
0.44140625
0.4519403
0.43448943
0.33788958
0.4073636
0.41020167
0.35446936
0.4931387
0.32841724
0.43286636
0.4126873
1.2376133
0.31915843
0.3809783
0.50499094
0.6719692
0.49279436
0.37909752
0.4249336
0.3767148
0.35872287
0.2864748
0.47389957
0.28634733
0.6347622
0.49751937
0.35182485
0.2071538
0.36150676
0.43623713
0.97587144
0.19590028
0.2904302
0.392783
0.40459284
0.5627142
0.3901517
0.20578536
0.47089282
0.17730267
0.4744507
0.5958179
0.32812697
0.2145761
0.20045216
0.29760045
0.32388878
0.3010859
0.26832274
0.42517877
0.11478951
0.23663516
0.13556118
0.46851656
0.24397676
0.40142205
0.26238874
0.17885783
0.107272156
0.27752057
0.28666916
0.4571721
0.2102669
0.19813943
0.2726748
0.16625124
0.23898524
0.16065343
0.36786407
0.22466697
0.18498713
0.20851296
0.12172309
0.12923251
0.31990674
0.13646238
0.13259861
0.1252344
0.2515571
0.11108093
0.08133622
0.24998239
0.251202
0.2419033
0.12774566
0.25260085
0.2136343
0.9624468
0.103876054
0.1663106
0.17806518
0.12652624
0.11409023
0.43125257
0.08516747
0.11246659
0.18642968
0.16214126
0.37536737
0.10133843
0.19938451
0.060975876
0.06488009
0.11131755
0.19048637
0.19865248
0.047965895
0.2769251
0.246016
0.12436047
0.06576614
0.13822676
0.16673431
0.19415706
0.16808677
0.07158837
0.1259243
0.11795897
0.13862067
0.056237772
0.104202375
0.12735026
0.08781978
0.19339785
0.13819279
0.21538539
0.030110164
0.09915754
0.07273358
0.077654056
0.09342398
0.380738
0.3102423
0.2811819
0.14347598
0.09182786
0.10385254
0.14060888
0.10521351
0.19518907
0.16919899
0.1889063
0.12788549
0.13408574
1.499659
0.1305711
0.114897266
0.13311023
0.10032968
0.057076342
0.28402105
0.13467881
0.095809035
0.25672913
0.16307716
0.13225102
0.08537478
0.099980675
0.23072872
0.042013936
0.16887644
0.11952918
0.10589475
0.209621
